13775.8907876292	5797.08717903226	5708.60181713121	7583.59238176046	5132.27705646892	6817.58052836282	6818.18999384784	5944.37202356446	27347.7656332363	32533.0575318125	45319.8730100692	29056.3543154458	36220.8570169074	61878.2498189054	29976.9314554783	193221.856761921	184375.477026593	575346.074535430	206572.569979524	272836.414996334	238134.287587117	228033.322678162
2212.98336082245	992.531206310679	1142.82385729575	1483.68618667163	857.593034520113	1453.91730613266	1571.17380509181	1216.52589619827	4005.17628125881	4698.02868774424	7170.41741747137	4490.05890511751	5649.79869263707	7286.28665298871	4605.54708589938	23611.1442384816	19735.6664574516	57375.6938958200	22818.8273502615	35408.0015974845	32363.1881775385	23613.7792438107
19999.7456878478	3098.41941502493	5778.15438302487	13666.4790244631	4617.20533827606	8892.57410109010	8346.75303361988	6547.16255532299	23161.0332981271	25528.6564537285	44228.8117914230	18265.7435944930	23610.1781983440	106938.725000314	22167.0754025041	41764.2062810908	40529.7729709395	1069270.15642079	75903.8186758380	132290.499714209	101912.252834520	75899.7125175483
6605.12792874973	1932.70122549248	2346.67191414480	4754.36181671925	2320.00970389644	4054.33272650714	3801.25838943936	2672.09325655640	10130.5488372929	11194.2837102815	17948.7727867740	12046.8392791298	19462.8522560377	35060.6875348833	9953.69563561003	50572.7427989840	39544.5605173638	300569.728224139	51688.5705501781	87617.9659582935	76066.1329397827	52727.4545807157
7017.12065629740	2990.92771913629	2105.39587192242	3822.41218581912	2577.18723624072	3225.30299274889	4153.75270467757	2907.01595967429	12003.2158742515	14143.4634811683	17991.8708609859	10856.6582800302	19231.5453277662	31190.9194328642	13277.8501836910	41254.3267508116	39820.0728220938	297304.682025927	46410.0128822285	75520.9594587479	66518.2757735813	49253.1136735644
8956.56658076584	3581.52870363095	3694.69348518881	5428.22977172207	3684.36513689659	4876.84708318826	4684.93675695968	3686.50026008724	21315.0115281174	22226.2539868090	28763.1451455156	15436.6168937953	32352.3760884911	45718.8535010224	20468.0967916140	97505.6553686094	97105.8413022965	431898.580930230	114015.892567157	145985.005610957	133594.017390011	113298.203329571
28830.5683216694	5775.84452931992	9731.28953046428	20279.6757423331	5304.42801566143	14589.7163592961	20396.8704634976	8127.88626963414	31443.0376913499	31300.3216117399	64955.0718470147	23983.3697921771	74200.8591409260	155524.517981810	28259.4374635067	155297.602749999	174066.681458557	1526974.64309038	196865.483659268	317289.209845346	234716.604733042	242617.359012777
6126.31241263006	2703.28438945556	2663.29271820550	3874.13209855998	2598.55816498353	3299.61618195538	3132.00260081463	2785.91036013813	12382.2823771766	12322.2249124163	19140.4556527065	10073.8633754101	13193.0284016904	30340.6478053224	12396.7272457851	37855.2965743119	51639.1301643923	283480.842438561	47707.7896234600	86588.3454241736	65022.7854290866	63422.7750382809
4916.55819156904	2003.81671676139	2111.64238493631	2585.75747345790	1777.83490375679	2484.21708969450	2760.17617037844	2378.53869234681	8804.06953918066	6293.01614608201	11538.3086466074	5489.46979438974	8800.29916143152	18440.9065558187	7422.99765083437	14703.6612125310	13731.7833262851	171370.108112763	14350.8219289463	42997.5314417640	38794.9453681256	14530.6265657032
19868.8836476803	5918.09984929698	8630.82101883988	11943.9876208907	4509.17744386486	8650.37050916516	8714.20967238311	6591.65093740682	26007.8310655549	21926.2119849048	41077.9999411840	17326.5780963044	52557.3475607109	99380.0063455168	24153.4151672180	79243.6321953416	121598.558936788	980295.020402487	108158.225974834	208413.931589119	146117.516503931	146918.858494570
23974.9041740949	5526.55347148266	7869.99236464595	15452.0690465466	8316.49806344167	12405.7085881308	10513.4474759261	8125.72719591663	47591.3135961464	43363.0618676027	65880.4867079812	28468.3302916338	57686.3283527996	118780.185392480	38867.4178253733	177256.148968453	178217.019836265	1215104.72832789	210175.323386019	284395.703666559	251609.820455443	216873.578704531
16093.6228852571	5625.47731514518	3165.52508640709	8746.67527714538	4244.05755083337	6911.89312032989	7853.15082546420	6473.09404651533	13839.3058357367	14561.4870633580	41539.3274459174	19806.7499151799	37577.5425263774	85224.9740696117	19411.2071987130	93283.2149316627	98461.0664465271	796604.997102006	90874.1176417767	197054.847650659	147162.339276329	122941.849275395
14878.9527532159	4567.12753450143	5749.24458355467	8953.37769681119	4214.23494902675	8868.74359532985	7962.97516718564	5853.30320490011	34677.5303821224	33152.6995634626	45801.6461480494	24612.7126413409	38858.6844928709	57093.6777575767	31467.3054755338	163745.841711510	190131.929401086	544303.748050761	178691.745869711	249565.729393470	213838.351626136	206922.399095729
9887.41496033618	4003.04335847539	4040.81573950031	6157.02437691271	3811.00685511252	5326.25469276875	5158.29462526545	4203.00759855782	21302.4200868319	21915.0140684164	30913.0966768037	19452.5444668887	22700.1559272293	45381.3464339383	22054.3465333876	89195.0862894009	106142.821938583	447355.711352918	112264.329947835	151727.250033112	120562.791899848	124473.723940304
3397.74453902472	897.761973257392	787.767482882304	2608.45082693766	732.646733312273	2264.64209838920	1994.04912999934	975.734551643640	3391.83495530913	4605.48013415275	7725.11554996382	2796.73803207874	8781.43824777459	9931.38982147832	3686.96049790321	14007.9592282733	9744.52135382826	88154.8017970722	19428.1135078885	27525.6388331440	22119.3134948833	19437.0517709650
11983.6540141383	4707.55368901287	4017.55178657574	6638.68425656634	4638.60812236653	6299.38384903238	5487.64700893241	4302.22631281833	28409.7766472802	25145.7762539963	37356.7316218597	16601.3603930494	32932.2852795928	61933.0595746289	23410.6460954902	93694.1927874353	121481.263826765	599624.241397654	114322.032991977	181932.564088572	143717.400456791	136498.958274838
4758.03909465869	1525.70645973492	1573.08092454029	2882.05307098475	1958.36764856001	2622.93642852796	2892.90065002463	1914.61017663773	7616.08009456950	7234.96548232967	13692.8035834780	9192.62149664230	13618.4874957782	13847.0670031714	8652.49497393042	50906.6244564339	51355.4156928890	118905.985794801	48272.2724207561	80488.4328590928	66644.0359431549	58067.2161470927
13048.7994751454	3225.76768921937	3253.69438082107	8271.55455692692	1966.70169005510	6269.27530757154	5922.98262287020	3194.52913354606	19929.5750429860	16404.9563135858	29644.3568620557	7318.52290436930	23494.8266923590	65329.7086702906	12681.7307700077	53149.7413706648	56298.2266201586	656367.655317212	67800.8471954030	140871.563679925	102226.393245564	93323.9455752581
5225.15692089976	2437.45009861243	2341.92704339899	3180.72295796658	2439.58796849219	3292.87645645090	3183.13480712346	2457.51997074792	14894.6739356989	13047.0146710419	19124.5472162555	13419.7220797348	18114.3207018058	21108.6567552542	13343.0714385074	78555.6953525420	65775.4395826531	206157.904454915	76608.9734809598	110960.296337100	101221.112878914	78727.4139960422
6145.19845177085	1487.93114317161	2104.85691953195	4436.35537854719	1457.19323105336	3740.39159993361	3237.22147566703	2581.17287483098	7119.67054321993	8769.61035615502	16443.2505344482	8986.33147773715	11232.8111873765	26961.7596776924	9051.24266303647	43362.8624308587	40375.1853533625	221812.597503932	41996.4116903929	84641.7873533402	68009.5507194682	54174.9704017042
9324.46571177814	3707.19807090526	2630.13435312998	4917.79679218317	3290.64224513774	4154.03777973941	5215.45739151138	3813.75426211738	10937.2773392268	12943.6148687484	26565.2444597460	15522.8133536994	24146.1331754137	38264.0442474794	14438.3131723219	75386.2614405947	78728.7841552477	361341.917769413	87573.0423300589	137349.859181862	108820.668610022	104082.079531354
72056.2795907053	17558.9380409698	12726.1727646386	52301.0926862748	17994.5361860534	26337.2046584204	55872.2020949585	42674.5327148463	92961.7308941631	73113.2968337648	432794.053335363	73518.4678307402	469017.766699813	485468.209816240	132052.253190760	538470.877240678	559385.455149988	4102715.97722973	534962.412243956	4195272.34178725	4175032.05454252	645646.863702740
2977.26870383627	1323.36841463518	1411.95744901944	1985.93730977583	1226.38559228973	1804.64973831472	1606.14481956979	1414.09455033199	5731.66175753767	4193.41735946461	8911.63913739159	6001.78105555520	9243.95950208274	10916.4296770242	6466.81233229827	24774.6119619196	25297.1636160857	96699.7907311549	23805.0945261992	47569.8538068203	36161.0638479679	29766.0919344649
45782.1970376741	8637.23943567263	6313.43718648812	38093.7395495476	9949.91590381130	17212.0952335302	35033.3738225498	32672.8438395477	39073.0498789326	27802.4615060619	329535.389838756	42794.1672598134	330642.031257235	339225.662059400	55627.5188048983	151068.864967338	146891.394364216	3054751.53093488	225138.238622173	2974268.88098656	2976594.09885899	230031.943897706
6751.68068724982	1941.98816875829	1902.88767324867	4878.02087762709	2216.56277799212	3348.33527653137	2643.73192961925	2164.95112099758	9522.46171560836	7667.95118590717	17228.7066288833	8318.08302867017	11440.8514982185	35422.6347468537	10640.9423707253	22797.9879771151	22834.1647470264	325506.322559668	23502.4345340869	61753.7225749444	46338.2241332221	22797.0090470866
4136.60977394690	1225.33940304976	1475.08929506454	2673.91793490482	1703.17080270491	2402.32882383746	2265.19057795535	1759.32636276227	7173.43427138036	6670.86352076487	11046.8738328893	7113.90403256630	10415.0665628448	16631.4647398143	6628.08806063712	36405.6697566798	29406.3062567090	138713.320556975	35108.7275653203	60205.3329431707	50746.0000418328	37316.6629400575
3123.24772514323	1381.35623290903	1210.39374368901	1874.05884711898	1086.70080464718	1851.65363694822	1920.79861742649	1561.42713283129	6652.40565213663	5469.59523928545	9459.83137190217	6692.42255761309	9779.42959720566	9437.10578649251	7054.07794074149	32694.0153151136	33040.6371184615	82405.2164615187	33440.5610734444	55785.0945259384	46831.5114222357	39410.7504656038
8198.29053322432	2919.90174953753	2420.27548850778	4451.32057627855	3028.77292179436	4262.25640214055	4876.67088787459	3582.43238640812	13743.5928778590	13509.3558813650	22548.6568951610	14714.7359396582	22838.5226214777	33506.0027356960	16384.3189331081	61093.0104710770	74488.8386962623	337225.075547317	70484.1044685255	113263.767620930	88076.6813581096	88161.1121253637
51794.8376605635	12445.9044891999	9624.28483509440	38716.7755874605	12493.6451796302	24788.5065297183	39991.2094431458	26077.3497695894	57002.8482674801	44375.5065328581	290149.289709660	44806.5667274378	305122.126664586	328832.511102587	97920.2975112579	296499.259458222	318345.827722650	2841399.92434252	351276.926198804	2856663.10337717	2837101.43927867	428168.937700358
1469.75316091495	1032.61799404752	1051.99169601531	1194.33774289708	1046.70682198324	1254.89510872592	1305.05290482689	1073.61545970543	4914.25291779958	4773.20220705122	5141.78703068045	4553.69607069679	4790.65112928548	4961.92970677582	4677.35527494018	21063.5599894511	21416.6518436574	22461.2804349243	21477.3794430498	21679.6977875272	21836.9128462156	21743.1768201253
51659.4280189198	6839.33823012051	6539.60829005997	42448.3426078365	12685.8687684390	19478.0998444980	42753.5870822559	29845.9597215455	43538.7626233585	31838.0043302009	318180.998935473	42833.3788375182	336223.592809376	347332.976853712	83571.4732791146	156462.022411997	237959.260790728	2946689.09384264	159841.264767466	3021036.18772134	2941899.00172771	242246.975992326
1435.41678463088	702.467960308800	717.928151012820	991.120343098223	837.514629502274	819.463098749857	946.890170048273	866.056051123649	3618.80621034515	2760.98982350588	4437.87461808544	2274.26255614999	4821.81144322669	5273.45467885706	3841.32306389251	12588.0064873725	16277.5934167195	35954.2750251077	16535.7072414624	22863.4612714220	18676.9524453349	18197.3075040687
5116.22690165232	2197.37153332953	1788.99560371055	2962.37909337733	2528.95120316462	2732.12332606901	2846.28035433829	2340.92531813326	8671.48908438596	8567.82504628384	16745.3962444489	8592.14041809141	17359.9495007474	19174.3895667986	8849.75021483946	51999.3906740835	52081.9543155934	166618.017831524	55830.1742533454	88618.0035785725	73039.5263306215	67187.4491436452
8028.83701570450	3287.39140074559	3448.92687027657	4649.05414170293	3340.35240744581	4439.07265043883	4491.22677430188	3741.53673169008	17283.6528759157	17039.8881568130	26656.1749639640	16124.3195777920	22537.0222900039	37396.9709190080	16050.5925475432	89693.4329051630	78368.6303204863	346342.514888982	97204.6608823815	140339.210289836	124496.591669098	96881.7086623248
9389.73543300337	3508.08532933864	3392.65607142299	6109.41999485644	3982.19041338759	4537.57624472854	4417.48192641857	3773.16131457493	16808.1866966657	20180.9600893154	31429.6032988874	11053.3777672833	26362.1881615307	47930.9243868821	14561.8919747970	74133.6089538922	61932.3890402844	479071.081240089	93743.5267803947	128242.706070274	107542.936123045	94971.2098784975
9898.81746334681	2282.70601576355	2153.70614597240	6870.79018475848	2310.52038030072	4952.39861514168	5094.66704023323	3897.68763143818	11318.5750935712	9058.87019056020	21851.0336000950	12490.1624973721	22746.5375533728	39619.8806171319	14859.6560935528	43016.5330084570	66032.0351042309	372639.313040679	43957.8372159738	109490.386861379	77237.4990868361	65449.6281511812
2086.89630576298	943.190211163035	1194.90027870147	1344.98973169810	1166.90112705807	1307.05344238348	1282.80085271661	1283.74811667244	4970.92459552861	4340.33180298701	6251.92820376735	3962.93604875806	5927.83912199271	7305.09069322414	4451.10387634113	16661.1570239025	20978.6091448351	60413.7131914971	17079.5709014264	34290.4696066688	27456.9889118052	22032.9831679439
17598.9441425810	4985.73562154671	6060.85333942312	13054.0350306080	5848.89630146363	7799.48948935312	7937.20676241467	6257.40793278864	33947.8355400585	24606.5874845506	41847.0936552487	23538.8603977554	36055.1552380742	105017.948749098	24780.7357635841	78129.4117633725	76661.7415177002	1019761.66248169	79124.7309511980	167057.584717688	140575.106235529	79744.1647369392
9369.61902556693	2633.66738110831	3576.05341952733	5204.54928347851	3348.82025882048	5029.79834974532	5233.72211693785	4032.25038430240	17083.6388655747	20532.4408446018	25866.6725263457	16565.7413312993	26678.7712420853	38371.4165642191	19610.5848928659	75951.6560541523	74763.8606219356	385002.214811537	87028.7744472168	122874.138086902	106968.228918159	93876.3801251105
17305.5317364707	6488.69006290913	5076.44869834825	9531.69162171612	7429.67887623392	8711.39714907259	8451.02856979176	6475.61961303946	38583.5930811012	32777.6485953079	50596.2573745216	27758.2169266582	59648.8327521906	79791.4582620233	35845.8700793808	169605.048242475	200099.423176398	807947.243519047	202801.462657739	274488.682376562	223279.670751587	227037.062360122
11766.6576824881	4098.23043141584	4387.04430028504	7369.86881057103	4197.50620191123	6202.19506208256	5623.74206176254	4570.05949629792	24521.8276717660	25748.4931753291	36775.6196509649	21452.6909922486	25752.3165499475	57777.2076550737	23566.7282798487	98790.1387275044	122097.812903444	571660.729410178	87694.6186020885	170330.016262262	132725.251084100	129677.996176827
58689.6995911530	16125.1016537309	19715.0831960338	40809.4035416193	15339.7662384764	30246.2078682723	37030.3612460910	32792.5410838266	91259.1094803413	107918.549959207	382293.932761475	103632.911337664	368867.044626168	352518.159465298	123185.865244187	544202.449508631	549074.164781768	3446181.69076062	554185.007725765	3438320.33841435	3439956.51312838	551136.239674567
18037.2137804495	5591.71474344961	4301.11277688214	11887.7516223987	4996.38961554078	6927.40066525440	8597.18751825055	5776.52589449365	27420.8318042517	24463.7699020765	35246.6985018651	22649.6661078868	44199.2492973511	94971.0669556991	25495.7264154404	91398.7019793637	92378.2163866161	886612.451188421	89768.6828244265	172837.213094206	147304.610122778	94116.4265229673
8981.29841686472	3156.28954550557	3377.36540999970	6197.75888136420	3277.21233481441	4507.15389603844	5147.95694676685	3541.43074732751	20568.1213791941	15729.0794278466	25288.0558787754	13646.0836667319	20800.2869371128	44168.5617867734	15377.4616174002	57679.0112077984	56155.8392434721	421684.850698656	54804.9108161809	108208.746598401	97690.6725606185	58351.8642188652
5883.10784276190	2586.77608246507	2685.43931894955	3695.34496642185	2525.73499205756	2986.93534066393	3177.67071892360	2930.14994515943	13477.6858546309	14391.9859627971	19043.6243839212	12503.0569883550	19393.7899674525	30289.0259413620	14127.7420502766	56813.3245085943	57241.5254688242	279616.337752217	66578.6381390103	91544.6587448858	85181.6791933219	65020.3557975891
11401.0067030250	4373.02642218009	4023.25830480815	6650.01441622867	4341.60783327163	5545.99466743043	5563.23847528749	5314.80335537386	21379.3554191240	19685.2432962957	33254.5605640093	20279.7508363693	28672.6114687302	51991.4152896416	18070.3799380278	115314.959930093	98721.4188656962	475809.817550293	114399.264624597	172965.284160281	150561.872209877	115365.162080493
3656.82438089224	1767.14294671775	1500.59693891036	1863.76051470894	1633.49857604619	1732.36176218068	1911.32474595480	1796.04370199823	6890.21051697655	8606.52495830978	12736.0937231586	8650.35627183697	9633.91943690653	13546.3342648391	8563.73029489337	44743.3297162195	36866.6789099880	113799.422705410	44126.4656653673	67114.1159044233	61092.2969768357	46962.2786033848
22275.9087638052	5226.83770143457	6915.32400204289	16269.1222568434	6736.94852259697	12648.0863466297	11053.3491337558	7507.57184434160	33462.4825380659	36257.6443272224	65464.3755731099	34956.2913775785	40270.0552173157	117289.874938187	34456.8686230311	174602.025063798	195907.085854224	1087349.06754131	174273.476714352	317519.266380876	248178.198086817	219657.881724047
10701.8577993795	2483.24604816410	2698.40408170842	6875.00510443285	2399.33628076835	5907.60183208430	6160.16048012353	3891.03000365007	16897.4628399063	12564.1389522754	24752.5415472230	15495.5591853597	26320.7393268378	40408.6143119419	19124.9918245052	64803.0315598312	83230.7472371057	397107.770062394	65624.0699832560	127616.210555453	100698.377484780	83490.0285915780
21950.9854113929	4168.51443709001	4193.00745166487	14120.2056336609	5513.50999520633	10107.9336992966	11073.7108994142	6113.29876330176	27728.4384879645	22275.4610388418	42454.0059277609	23457.0904333453	44975.2992606535	103192.725725196	32020.6611239328	91316.0079288551	122669.379946578	1028347.54427301	120809.208115764	213856.004051734	164073.749535462	149174.877275662
1004.36596542774	522.915631561590	306.594250836334	666.598825166949	453.213874848095	604.026446426794	629.459411519557	526.287974301479	1504.61176897014	1387.54053035480	2298.30767987859	1455.87636272030	1729.72945646412	2000.02805808589	1539.26364720773	5902.57064834452	5452.54404438648	15473.5412717690	6650.10556613253	11774.4078276267	10013.8199461902	8110.89575593838
4076.85684012712	1495.43651833519	976.834202278019	2417.11192037135	1024.41111429830	2171.56545080204	2729.32795501872	1575.27420553919	6032.23622535691	4971.06282902482	9951.46575660295	4622.71018765511	11240.0781149254	12438.2978744530	6992.52836627983	19223.4855204428	28024.6058014443	109374.557354750	21349.1548940891	44108.4135720224	32338.4742466064	32727.9174341240
5331.10995041362	1860.14783990853	1980.27005130881	3335.41570171603	2165.12448327218	2854.53101495048	3210.92486905040	2229.50522129160	12509.4848355685	11773.1860988868	15262.0225034213	10365.6325425722	17412.0636494742	19691.9410607516	12178.3788676834	45729.4743391154	47656.6949485295	181357.754059480	46268.6368570654	76478.8984583634	70725.3293688294	46527.6585037165
8741.48841697842	2471.76361366067	2388.21372103071	6181.01845973555	2524.92091058800	5723.00060754595	5217.23002458828	3214.96027909807	12336.2865488894	13099.4391087898	26097.4091263239	14933.8590501261	24030.3902352932	33646.7404478792	14157.9420608525	79644.5075571765	81212.3040363185	304145.266827997	79467.2586201736	134205.895063738	110797.530252379	94643.8989555717
5961.23485606783	2326.88218470202	2507.19366698853	4043.24443398359	2096.58423054386	3533.35607987626	2960.92453297479	2751.14285937192	13124.5281137145	11634.4316111488	20582.5173166652	13152.4196607924	16028.4267722206	28430.1405449382	14502.9400030105	53728.2966728507	53972.1007791955	265911.738678384	54028.1177057800	92158.1248279318	78434.2102963399	54088.9358817822
494.218243076500	159.406139263236	270.895270821641	357.917544491821	229.348718487069	475.123334586331	317.062841933145	320.680787014409	815.032797583078	734.355470863346	1020.44966317032	806.571553580504	818.554344199979	906.752793845401	822.543774556586	2758.95256652170	2520.14976805838	3162.44322106452	2190.50011609503	2798.95583255760	2848.79003688097	2653.66829124605
2176.43072401611	1047.40263862560	1095.30327327485	1459.05333087327	1140.39970221238	1318.26946749691	1489.50459450195	1236.60039728389	5837.12955614585	6094.71844380378	7824.62974066909	4909.47383607719	6910.08068932568	7677.02179934072	5640.69740772152	28326.9806459628	31502.5500855090	69198.4594252808	32911.5036211471	46483.3875711771	39306.4973412881	37511.4052246167
1396.96327230412	750.479385238036	807.456657648516	1021.90915701547	584.856134648624	976.657495358407	853.445054901592	767.198850205605	3036.65409369142	2927.85460014816	4570.03814357248	3187.92186985380	3821.31674472812	3901.68826566301	3068.85772143037	14612.8258495039	13872.1683797804	30619.5390825739	15459.8666663937	23832.5119121859	21198.7898667527	15934.4896034541
8849.10623066029	2949.53066511647	3920.80509440779	5511.41401286444	2758.75342368472	5516.52499877107	4723.78479307756	4525.18798802526	17739.0946551049	19118.8116076578	26621.7075686402	17884.2038112082	27868.1081111224	38298.7666379427	20994.6126281676	83908.3380751081	86688.5189372288	359291.368299280	86672.1791764469	130607.668649688	118886.520089867	84911.1869177102
3977.61613194958	978.937547955232	1118.81405041025	2524.03425464531	1574.79265531810	2292.67207626597	2239.31468143109	1514.97952315910	6512.92852292685	4586.41769288498	8931.67580107340	6204.12271013465	10481.3013411776	12143.1731637499	6909.51849884527	20613.8078038311	25767.9125631338	111295.660565496	20326.4801654456	46095.5750957006	34859.6392647313	27489.5540120013
413.541913334744	298.273258145749	270.099278573099	396.408298219756	340.625835239263	367.603968066589	365.958002144709	339.880710113541	987.656079736702	1017.43561895314	1262.11821544204	1124.99437165550	1242.09436897784	1177.53519102800	1168.62194623866	3571.49015027487	3653.81835387716	4175.26928124265	3570.68364029572	3842.49559673197	3767.75986495286	3662.22677453051
1222.59382261716	374.866306696698	544.961194968679	806.353172188620	393.989573244685	947.016602051852	719.065663369048	654.237194457439	2132.75658769050	1761.80663722497	3413.93004966911	2191.82956358390	2983.83835419487	3441.45943091468	2372.68983358005	6623.55988003673	7193.95235552239	24245.7856025976	7079.98370427326	13843.1330005548	12149.0632249126	7343.05141256269
1313.95519753230	544.641391317770	542.239182273166	811.845603543079	659.974552951742	775.949251018290	705.786344941889	647.244336156649	2285.36471821589	3127.10459850299	3541.47674872477	1831.90348244183	4209.87057869410	3638.70527228080	2642.06894358127	9487.38641462911	7283.52753915781	28427.1950271531	11849.1777956219	16096.5643489896	13753.8210976570	11748.2164322726
5846.73870000439	2045.21398349402	2633.74914383341	3220.12156138692	1593.30261202759	3096.66532998088	2789.22858965793	2558.73883986716	11614.5957858952	9721.87722838032	16788.1176657816	9037.45184609295	18871.6243276524	21163.6486578714	11566.0103416288	43162.7687447606	56946.8294433473	202488.173693661	57841.4271391300	86980.0412502457	69772.9906212379	67090.2308776682
4055.78264614189	1656.65671220593	1511.74789894411	2558.88597161224	1711.19950216764	2646.54752534858	2132.43764885980	1784.33981104352	9365.87476845932	7848.88888789871	13761.6125890475	9049.78155715662	11604.0597294269	16905.6981207499	10916.3137571222	33639.5931637645	33629.7633180167	158544.690953550	21580.2231071545	56002.0404019094	51246.2076395780	30566.1415560761
13149.2149352851	4965.78838205221	3905.77580002138	7638.73700723963	4539.66280921559	6172.90170686994	6663.21238006284	5257.91956096610	26753.4022480494	24677.9543473827	38534.7677822045	25260.3042359269	40232.7014998642	56941.2352513134	29632.8282185155	136422.514789034	153562.532741077	578512.164419541	160169.849153315	220095.425697136	185803.302392959	177466.709258054
4033.71474185023	1636.02768764619	1469.31973535993	2416.86656355877	1648.34559061055	2114.12964779584	2321.41881497783	1920.49726790845	7922.15961306914	8662.33528296725	11131.9912867479	7660.36768825838	11507.0983506447	14397.8449656023	8766.45297318507	36990.7836910781	36834.9507621142	122843.792026514	41534.5126046216	54573.8605736983	51246.7141082395	41017.6418753362
7425.27422349254	2571.56243075029	1991.93180553119	4186.75276578034	2776.65969829539	3988.98148593538	3945.09362017236	3036.46505041123	13646.7583151042	11540.4073777703	21003.4729363645	13805.7529082218	21818.7731180366	27801.9396719625	16078.1064532511	51576.9544979558	65327.9523029363	282147.784473040	48306.2797983251	98570.0257598592	78838.4636213180	72480.9788005255
4572.54580577405	2164.91555672183	2182.15180760960	2691.81496357030	1969.15337899051	2585.38707248731	2650.64999299516	2495.60369819719	9199.80761501165	11300.0317795865	15444.2222638888	9876.71115177183	12099.1945776764	16729.3940147550	10243.9941556160	59122.6501159681	58673.3910505120	142252.771586094	64150.5615198601	89462.6576131195	74974.6399267999	73054.1222842975
3030.53110491775	1320.48351821861	1372.28944746906	1817.10820578821	1409.60459174951	1780.10440274785	1636.26437894724	1515.28035396115	7192.13270433741	6430.40695863483	10303.0943890201	6265.78253369157	8845.44276477454	12387.6021141077	7049.93514855659	30434.3065317411	35271.4820208225	96523.6559103121	28963.0229980225	54485.0436554666	42752.9964901810	36533.0479393980
1317.55997940709	491.993506345398	520.542794337746	587.044252930565	523.665433822354	690.872054685744	694.185991043258	658.918463157131	1983.09035407786	2224.92901382203	2583.30510175319	1916.96513305731	2764.52607508076	2808.77981740119	2280.37476342199	8357.07598566488	8904.13824388226	20645.7743670456	6792.50134135947	14780.6567512599	13274.2087423437	9246.55088817275
7273.67880816592	2762.12458599147	3137.29648101953	4130.04463170357	2768.23729880113	3918.14711130127	3546.33706872332	3552.51127560021	12423.2506691749	11063.6123885121	19680.6313599270	11977.4628572618	18682.5407829574	26038.9461961887	14405.8117780113	60998.1308490628	60537.8956489707	279906.126256255	71009.6309999233	108921.000744871	87114.1453246636	84813.3463990991
2969.54825046548	1142.46266091537	1197.72126518779	1653.09366436866	1424.17005198921	1762.15358545856	1486.53497501395	1321.80260105791	4446.38969783829	4357.18665433050	9534.61478540474	3106.82827374841	11335.4786232822	9642.86180675929	4573.30836860319	16354.6652619279	21655.9392991635	85174.2874256522	22204.9437903479	38358.7692276248	25675.3580893961	29786.6134712157
1532.24799979943	724.477720818515	685.378069756851	828.962204725945	660.320024952194	748.134040062220	764.756743832266	882.238917283340	3142.19105331055	2736.69617090889	4322.92279723592	3213.49268965355	4342.32738366579	3782.99314226909	3239.78912617118	15207.4334845514	14279.5422807336	33482.1304640172	16962.4929862292	25547.1562413054	20825.9506455083	19479.9026359857
4362.69552164875	1831.58408497775	2178.47717377787	2745.47072230270	2131.32983671225	2711.39995045048	2559.96586922877	2267.50668754759	11522.4855602834	10437.2351236894	14237.5744597276	10298.5968819707	16992.2334086665	17808.2502509424	9816.40391814421	52326.6632554948	45320.8347647713	169539.830564966	45890.8074894059	78632.3289082859	69685.1007733823	52948.0776985497
832.462882278688	574.471479248173	618.151215854635	671.336934119784	585.736060655903	753.198374949424	634.902951459926	671.820798491808	2102.74136603314	2028.56889827202	2371.23633119993	2175.44144368346	2164.33729546747	2201.51919125957	2180.47879077124	9074.42645617913	8986.37969194121	9906.99392434095	8729.03548188016	9431.88439802218	9442.91909637526	9290.52252343000
2212.65848211113	989.067141551609	894.002283010901	1327.54722710601	943.402388833374	1329.05647389864	1346.35052872491	1074.92330807088	5024.86813686137	4048.43089934209	6818.31619107035	4855.46429748086	7407.77603278648	6726.09122200291	6275.35461139213	19966.6776629454	23094.1017054190	56607.6825326071	19124.8341783947	35322.3142546324	28992.0495561634	24131.7857851500
2008.97873618069	671.601546616217	542.907174213788	1339.04514350999	633.291362958181	1123.13658475939	1456.92161607192	847.465131770129	3349.80381021011	2460.32593902990	4813.49949269156	3202.43197523931	4726.74174442953	4119.78780809224	3698.06481470602	10420.1795985832	13454.7568083920	35137.0829598284	8915.12700813623	21284.9970995987	16921.5934501644	13554.5089844948
1818.87622724879	1400.57658870741	1418.76343491512	1629.77900177243	1517.52283150379	1540.21824002309	1491.87248695216	1408.83610227348	6134.06518137317	6135.62658539219	6032.56437765629	5919.75089696240	6364.36303049524	6478.72616991957	6157.80888395943	33664.6724759315	32604.7378905541	33074.3437469091	33301.4173588962	34457.0848111066	33452.5145127570	33800.2396439429
3165.73311436815	1251.87445442696	1409.71404259973	2083.79304249221	1778.67645713215	1926.26803641413	1967.14320972768	1583.90377362722	8281.97037956179	7258.37972425706	10456.0055116567	6768.23726723385	8713.84091086315	11271.7087681808	7993.89482966903	29923.3639161377	37456.1059071271	93051.8442591489	29603.8424422327	53805.0814246408	44953.4308270668	37461.9778215800
5456.89789033001	1867.67386068914	2238.38415551942	3429.72022922196	2347.32161695177	3468.91767829170	3219.95263328806	2561.26909661579	10091.2157069379	11079.2186248764	16687.7099739767	11429.6675137054	13735.8724741951	21534.8930455910	9757.69868165045	59183.3751931378	59588.9123120557	182528.414525123	55020.6360226976	94044.2329713836	80269.4999877036	68944.8823157027
2326.59675094407	1051.46615702955	900.643500427901	1464.25709800439	888.015328976897	1397.88888995990	1418.49176600118	1086.61534254324	5149.85259290507	5119.66057306031	7535.36199343094	3924.18068936893	7933.04372444815	7403.16987425205	5422.27720486071	19697.9868836400	19626.4097958067	64623.7137043974	24849.0129571540	33504.9688084320	28996.4126245005	25590.7506694575
4623.50279749074	1452.23716046954	2128.52289141966	2762.05497660427	2081.52887319351	2747.92062270200	2683.52073697124	1885.29415700032	10169.4160447393	8863.77132902892	11833.6411054132	8553.67096992641	14367.1460952608	17362.8796557910	9852.35569067727	37690.5567748704	37563.9423398323	155617.289370185	35549.1362316909	61999.6286597501	54963.7480392117	37800.9210155603
2063.61126128011	844.969401892184	916.863021353774	1209.93386862639	1028.18591050718	1047.50608818217	1243.12187346698	1086.64218266899	3591.69256122608	4734.84589700994	6043.76854008484	4281.70338082180	5918.03073927279	6439.47968302532	4385.99509751279	22943.2360570221	19589.6581364924	48191.9955694031	19883.6353423108	31090.8772911984	29341.7378918633	21808.1025677208
3217.51842772998	1211.67690136609	1383.16545295406	2152.83202571664	1133.75297783562	2286.93507584096	2139.93309001355	1565.61046579118	7136.62278665478	8002.19738968852	10539.5940570770	5511.98826949840	11890.4890667797	10630.7365011523	6897.37664389247	31506.1028993138	31511.3563665568	92375.2568593703	33860.1621418828	47512.0632242291	41749.6835432395	37336.4750520963
2593.82468331594	1354.06155921513	1375.57788175004	1647.54189292353	1285.92468886368	1686.28509977502	1623.47936778970	1354.91775553154	7000.96626828132	6361.21695608678	8388.29347990902	5794.33526164441	7573.86706711844	9030.24795670991	6331.52038586100	28884.2186002130	29296.7101890523	79147.6814452520	29471.6358593307	44298.3811949059	39094.5752697938	28963.6636402806
7831.52831527788	3462.97636593260	3058.02850641233	4536.46108238362	2985.34103864473	4374.17970643919	4362.27386626524	3775.98032315724	17458.0119098437	17201.2385473635	25403.0969982528	14870.2675315751	19804.3319650278	35481.3974408762	18130.6365713545	73443.6740911794	87957.0224952872	341577.075617308	92502.6923331326	129438.476203625	103958.122319269	102428.225929128
4051.66834821608	1346.53035570396	1901.07328075195	2361.78741320194	1701.79110872994	2447.70305046515	2425.66151476370	1894.31799295205	6915.60866637869	6321.34699128152	14690.3119969093	8569.78610670478	12656.1764975804	13161.6899323111	7919.58247084650	40456.7029001156	42870.0341727486	116787.804958606	40351.1213298313	71287.1421473282	58242.5788736624	50979.9726742745
4423.57947844330	1949.40046273059	1558.71599598572	2917.23877480752	1697.58550433309	2783.63301797791	2959.16481994088	2015.50687159625	9418.93291887015	8514.79002613361	13243.4655261667	6925.85244618310	14179.1816853736	15764.5408605242	8501.81573050120	44658.4841890739	46486.2167728931	142207.014972848	56555.1450740069	75001.4444543898	62707.9820933536	60615.5649094545
9117.42568777973	3960.71661583924	2765.08270099194	5233.48023739255	4311.10788071387	5007.63377871201	5123.08236222524	3334.19940340786	20818.2289003786	21772.9577712623	28891.2137500582	15664.7511651579	32570.8873293100	37753.8823164310	17852.7777680896	98611.2756506070	86829.8729828792	386797.576314315	109366.426772767	147831.685506070	133807.469473776	113655.094349489
1228.66913936286	1089.62824632874	1095.60938785495	1107.08409130097	923.101875882319	1005.38380430019	1098.46059240730	1093.20676431581	4628.71043636271	4025.01666249317	4404.00199857487	3907.34394375246	4271.17972866579	4360.42948136165	4094.17529670948	18066.2371237085	19098.7890495528	20119.9827870771	18218.3511571038	19588.3692417816	19553.1610955005	19801.7769783196
1316.76499610882	1032.45614212149	929.795016086943	1126.78923938612	947.335496756720	1150.38261143911	1086.57136826642	1171.29838228806	3726.95313254384	3921.51361002434	4154.76803935750	3339.57077680249	4068.52320960434	4032.08476139697	4074.65564724796	17382.2272796218	17597.0093826868	18194.9436952487	17723.9369733573	17891.9091156821	18098.4417785731	17540.2889303150
5412.05064695564	2319.68219601302	2021.13861878704	2864.19340474472	2564.85994172202	2887.96672109327	2877.14170818811	2489.47819216253	12561.3516924434	10033.0336259073	17964.3069047665	12874.3869428518	17415.7953852906	17938.6669005375	13119.1804373647	69728.7433288087	68407.2884696622	174887.521370713	68267.7955797213	108687.721482646	91431.7059948595	79883.9073784080
5800.12264467755	2071.05733526306	2670.43839987910	4019.29132553702	2641.88659198649	3807.38495006102	3493.57141350521	2601.04835662530	11443.9721970815	12373.9888856321	20914.7846028692	13055.3514940170	15347.7390905073	23215.9846345549	13164.7221991166	68697.2312554282	71483.1993421591	199506.066588912	66628.5400364964	111868.211682881	92408.2375043266	80324.9670289991
4339.80071037099	1639.93041475060	1907.00159789588	2777.34387750275	1951.94596993412	2380.07806220691	2605.73178192914	1904.91973673781	10842.0663522689	11217.7084012027	15149.4918639976	10124.3714155961	12364.9128812835	16841.9674645146	10813.3764412615	45683.2411398601	45900.1461378274	168360.450362613	57811.1093058992	72305.5040413468	63243.7560407873	57873.1126579845
1067.47071503889	554.390652429458	604.980472370255	728.165650410861	623.849669636416	683.712163984780	645.932561135788	650.463339792567	2906.70189894922	2641.02487581385	3305.86706948073	2184.97345893056	3463.17129006214	3551.10020772767	2839.92141221342	9915.00935207799	10808.7667307364	28232.8438715235	9617.09736395656	16436.2272461821	15207.2184719208	10407.1942943520
1016.19829725105	914.467749436474	889.091173920434	877.302588298642	920.250227015732	710.331801276887	943.701570934305	930.948442320070	3588.47198525928	3170.55429788512	3320.99752968446	3534.61336747274	3373.38978833718	3269.52943587714	3270.62932912979	15091.0933383056	15083.6380049717	16395.0251638715	14594.7065657117	15397.9524443484	14909.9354290314	15462.2321558264
1212.02209662803	638.806199624909	583.099541844577	733.350887712657	583.919010414276	743.417310558132	811.758464673494	749.241308713022	2841.12025065355	2567.18911998115	3705.79896340056	2993.53630313551	3255.13988756531	3531.66376296245	2818.09318550356	11947.1132166167	10150.2410654361	28404.0265695435	10881.0526917180	19542.9040986920	17924.1731308803	12732.7574453690
15050.2554781748	4029.88467454120	5628.02760505754	10201.3524384160	6210.46833677854	9008.79757407086	8078.86225824372	5772.86797141931	26035.9599642971	32294.8018104828	46341.5043314802	21275.1917170357	52055.0103385986	73230.6680795130	24820.0951988908	159078.062661633	137251.284523908	719732.407145663	188935.210049671	228212.921546708	200990.405770570	187202.051011216
6121.13469511658	2898.00892187523	2758.85660801498	3406.93429891341	2647.26336067486	3180.92207113029	3588.61626881666	2999.04440114166	15251.3703721382	10903.0169668373	19014.1906511907	12671.9989877785	21534.9861602489	26494.4507766457	13909.8294662864	63445.8138651723	77555.3322355174	242293.471286455	62461.5078261606	112336.650374789	90544.0989642786	77975.5465694775
1098.99197589630	557.349660862686	566.045732606854	767.979204527973	559.666424179794	830.510931048050	783.041970571300	715.215712567939	2320.83526630729	2064.68271050358	3287.13292862821	2483.23493029019	3021.01484319632	3102.33489380837	2418.00285769517	10505.1994717897	8181.83840194641	24389.2748310119	10116.3881579489	16632.5201387580	14888.5959548274	10662.4777799596
1565.10338152444	676.488610296796	666.566937480781	1029.85639329232	583.227689832302	1068.43064599542	989.474517690811	785.877764594551	3463.85579735114	3270.24673497058	4416.55275288213	2623.37092186432	4124.13108435030	4050.55136001440	3404.15742461864	12492.2904083775	14499.3509559024	30297.5177309337	14372.7490470423	21148.7205726465	17817.8797112929	17089.7644815604
3957.73308459764	2034.17819845406	1630.67756295191	2318.05185455770	1725.86393578583	1983.38929029988	2254.20330880612	1999.32655140326	7747.74110542862	9071.28133468107	13786.2659634988	8784.45213316673	10354.1512962621	14851.9717913375	8767.97551184461	46933.1336944306	39145.4333236274	138928.468960817	52062.9961951693	68991.6252457519	63469.2178772229	52830.2772899582
1102.03810113501	560.685548458828	608.479648670850	805.735747852937	530.351917027072	928.294156242608	730.722960611323	619.069364341480	2187.19651615894	2327.25355050347	3971.67988108820	3004.14439376094	3503.42077954869	3504.13255858042	2769.12276453045	13139.3723498898	12574.0241135544	21608.2501970230	12049.1092673930	19314.2767691105	16692.0599913390	14153.3670354281
8622.95324323857	3051.13685744281	3512.96170568081	5796.19791069655	3655.52876804026	5618.98692402793	5191.22622508879	3639.22317330886	15632.6903814726	18973.3532237437	30785.0470776727	18404.3677197638	28112.8120335285	39231.4507914387	19451.7229671669	112075.092395992	89725.3424906329	342029.092923306	109816.507388581	155147.269665153	144422.525841056	110715.102562983
6988.26617828554	3131.01347836684	2332.27370738975	4056.94327498293	2321.65946126744	3969.55044288239	4237.89828589700	2970.02174289612	14149.2248784823	14806.4536679495	21067.0847642422	12768.4422361327	21665.0424351562	28673.3002682484	15736.9988484401	59309.7729591043	58503.8093267575	265504.017275633	58894.9887646147	97409.3746779381	88289.8459435942	60217.3034321259
2449.95844447978	815.486052049089	1043.23462752698	1409.24184403879	1086.95153917269	1539.70281725336	1465.50748744749	1275.89618543615	4379.30812212504	4985.86415330397	6497.55666191706	4687.51355020821	5796.91643773135	7615.48964537657	4775.64586355160	26808.7960354036	27170.3733564089	56097.6268237236	29934.5620039507	42717.4574805551	37799.4209259487	32945.2532244645
6092.89108684837	2966.90027541849	2155.54896550031	3405.44958229924	2577.55637648884	2907.56153887389	3800.95893271052	2853.06623068859	13788.4617434338	11088.9090335288	18400.8371851769	11495.8179158963	20866.1671659521	22931.2990472356	13337.9361567695	60448.5001815777	74340.6023371977	212865.990423061	65027.9090928319	108752.042165583	87268.1499134276	76022.0877135423
390.319503265458	324.533274002284	294.201292708646	313.220457101754	340.347471103525	438.224158074164	355.902720158331	369.793582755873	1030.78181801557	927.002265016262	1068.14298910003	949.655319194267	1073.75628182303	1209.09980899941	1051.68799593796	3010.20485483610	2718.65440467031	3476.60177087842	2681.26623187961	3402.76335946231	3148.17326095048	3109.33027917819
4501.88900254091	1915.49368608354	1978.72393995866	2867.69144164882	1928.18282525932	2699.89668886415	2345.70308433650	2203.51715913920	8683.19551506884	8616.14306897904	12696.1251104545	8262.36549244036	10341.2576604557	14309.0185608344	9178.36533862619	43432.9001826379	34473.8632716706	151148.915276097	50289.0960589107	66059.9974928679	58796.4069176939	50190.3213654310
1683.31372228990	905.389913016055	914.739355827625	1115.16742673973	1054.54147933511	1016.15723423647	1172.93200888806	1072.06108024583	3609.94703398690	3160.80183309000	6175.76334798390	4121.69832270212	5976.18288116653	6254.00077663069	3661.77924438176	20162.1572162546	20498.4641966556	46193.7747423167	19535.2831000560	32812.5021009772	27836.5062317248	22564.0923022097
752.824663318104	340.785004152456	327.646120466389	421.349742488206	249.531971289073	549.630089252715	527.359333236372	433.570389356392	965.032469377363	1352.48201277136	1928.51193091240	1389.02380284345	1734.96038787514	1774.90749864619	1577.84018554862	4224.34672821905	4859.59232029858	10535.6474945536	3867.39509962086	9259.19881325467	7123.77595902360	5733.84130450319
1300.50655666757	1180.24304933056	1236.85530031015	1324.39387167529	1141.22491899868	1312.99601192732	1321.69087561344	1130.95874117367	4564.62850411523	4343.69438341456	4553.57944282123	4494.25069093583	4313.42338720403	4371.27292734551	4394.06231429028	20752.7125111553	19985.6245418385	22424.3152428111	20291.4652151087	20887.1607328260	20570.9301910695	20300.0781086755
934.709685995691	677.691436430970	648.393594603357	816.168704205741	712.334890973214	695.387718858429	763.269918528542	711.194146952935	2485.68763174447	2445.97908103197	3025.24090513868	2329.19314386650	2856.62297133922	2887.61477332410	2647.34472275415	12860.7902405092	11381.4985310748	13888.0884352391	12624.8007666960	13113.1915272840	13654.3352335927	12642.4766635993
771.175837077647	626.944510529205	643.770673880737	654.351131290461	624.882552544752	727.249936645703	612.192206695707	690.621482792600	2349.98415939325	2131.39388437705	2492.79288610070	2187.83329861939	2410.86480046739	2406.42902347125	2296.09596477935	10152.8379471714	9545.10069938146	10772.4248844333	10552.1502928857	10135.2731094837	10435.7888643805	9822.90534746464
942.743410830193	467.599166948879	419.971419765646	618.764321725460	471.985852506036	570.048485386430	529.333064757715	555.993795025280	2052.20163589371	2258.15129849549	2689.20091205935	1460.40806067166	2781.20175016193	2579.48256600931	1828.85387438813	8748.22147679846	7211.42130782078	18569.2240464838	10278.7909504714	13561.5397020033	11211.9218977127	10235.0075372797
3267.35500382700	1196.47688991410	1391.97644389160	2246.81011683122	1579.85886695084	2194.63271906960	1984.77042222104	1378.31591022669	5019.25864130440	5460.07556714694	11338.8287593194	7341.65239933858	9852.55271149818	11815.4295975189	6673.08307052701	35763.0614805073	31602.2944785116	96389.1395216196	32742.5908525946	55175.4186501610	46494.3071527165	37836.4064728012
4194.70858382075	1835.43791852663	2343.53029045779	2698.51927349287	1604.44723154719	2955.14579411535	2362.59653510745	2277.58177276896	11239.3791743276	11196.2216130366	15582.0097191373	7866.05676866710	13429.7551952379	15417.7155649726	9769.04717372492	42289.4617175122	41720.5838568271	160472.847913146	49944.3830214917	68440.9395106899	61392.7018054303	49740.0159831672
7110.60256706900	2480.53373965088	2569.78156174101	4193.15768858993	3201.10204695804	3812.50293974027	3761.30130147252	2705.09129844980	16056.7811518034	13774.1481145852	22140.1414661254	12107.1654197568	25216.3201620626	29768.4633975693	15575.8629996596	71171.0934411110	83880.6769360268	281381.396152764	81038.0490247634	119873.956559098	96804.2574101233	95284.3810303370
8167.45017776140	2344.04871351953	3299.44867828501	5051.83038470589	2960.41222965727	4844.35584973453	4854.76458971118	3373.88595961150	14686.4581802017	16831.8556891812	23237.9770582063	15873.9145464067	23886.9457811326	37261.3457638516	14357.0846207244	91314.9316986107	77877.7702316475	330317.566762442	87483.5156293171	130305.847905246	122474.572912077	94456.2148596875
2061.31871508385	985.001179257266	940.319141634793	1302.79470326398	1020.09665376387	1303.22409627488	1288.14479161469	1110.06406157131	4879.38238055318	5060.19423195599	6857.18652186806	4844.80401918311	6389.18542617878	8204.27166706787	5204.62227286537	19271.3217638563	18366.7568948176	74314.3496451535	23838.5022763609	31613.4399392604	26641.9215049247	24205.2251873658
2461.21058577353	705.837315185569	726.533823895280	1586.84435914993	866.838277396704	1373.83252773833	1584.37175014809	1113.99041835960	3307.21888432164	4534.65738134249	5843.05364750113	4385.24153341265	5887.55696932130	6260.62667729097	4240.77606145729	20698.8618200907	16877.6525632725	50174.5197738213	23702.0497308498	31180.4182314614	28218.1602327270	23869.6720368837
2755.62334258249	1161.44844010140	1236.58897410492	1854.80679852114	1334.92425041236	1653.51080061700	1682.10710158823	1331.63289997173	6051.17051636479	7066.32493128846	9489.72819962107	6492.12177295679	7791.48436157769	9639.57412664081	6808.50435600291	35325.8437925969	31433.3260699391	78920.6618121163	36391.9931459410	49503.1294691822	48321.2571001440	36440.8513241263
1384.63088819360	1283.93140148173	1106.01287003116	1039.93287685724	1001.66264190163	1136.36131169118	1051.26278729710	1052.03558928138	4571.66439788908	4423.43234032193	4222.90234449665	3711.12997158770	4367.17990383805	4497.77068573050	4222.65558242649	20928.7569060235	20300.8970662318	21508.9446362626	20851.4171334041	20421.6104748783	21024.5722877662	20550.0031215865
1260.38127537490	647.141315339794	551.099772715959	767.197308705846	685.419661637237	703.045109294691	713.804312104486	693.304380934491	2120.79436046933	2506.94328114395	3495.62392331770	2721.65467315297	3472.12123583584	3199.32724293235	2533.61713393660	10494.7474607287	9750.17958624090	25145.0842712313	10758.8272545649	16780.5337036704	15078.1460691031	12672.6270463954
3269.67802823837	1287.90063886168	1605.07976711244	2019.61871992376	1385.45608408679	2098.88263696328	1953.37564833306	1548.93740303804	7943.68259712255	6186.30489512400	10832.2849274957	5453.47209674617	12029.9733372114	11755.9413787462	7773.05743032660	29906.1045239158	36956.9825960239	100453.203439287	35965.5873171331	54124.0555345383	44201.5203349630	42400.2817786621
1424.54899484759	811.501954228745	746.135620981221	895.107664076568	733.955658977714	811.468671199166	902.582505224267	865.369796374197	3394.75989553462	2810.46121903199	4324.31804947025	2897.33467257893	4739.48368283975	4558.47547069049	3538.80168349459	14107.9975907470	16237.5048831144	38552.2651513422	16983.6341950458	24066.6114753054	19810.5457141882	19379.8738255785
4147.79015491389	1371.01075124954	1339.13747897501	2526.34944246079	1289.11794093613	2656.83205904484	2624.60031145444	1600.61246957414	8053.38451219141	8314.23354690503	11654.4431921539	5918.09152461767	12129.9779611658	12204.5697680236	7708.32931755616	31050.0431526337	31888.0201670766	102410.831358564	35149.3398686229	49887.0795696779	46327.0079976801	37324.7492108620